//2012.9.17 23:22
# -1 1 7 1 0
# 0 0.000 2.000 0.000 0 0 1.000
# 1 -2.800 0.000 -0.500 180 1 1.000
# 1 -4.500 0.000 1.000 270 1 1.000
# 2 -3.000 1.000 2.900 180 0 1.000 1 1
# 3 -3.000 0.000 1.000 0 5 1.000
# 4 -3.000 0.000 -4.700 0 3 1.000
# 4 -4.700 0.000 -3.000 90 3 1.000
# 5 -4.500 0.700 -4.500 0 0 1.000
# 6 -3.000 0.500 1.000 0 0 1.000
# 7 -4.900 0.000 -1.500 90 0 1.000
# 8 -1.000 0.800 -4.700 0 0 1.000
# 8 4.500 0.800 0.200 270 0 1.000
# 9 3.495 0.046 -3.414 270 0 1.000
# 10 4.628 0.480 -2.086 270 0 1.000
# 11 1.020 1.300 4.000 270 0 1.000
# 12 4.601 0.843 -2.076 90 0 1.000
# 13 4.522 0.807 1.920 270 0 0.900
# 14 4.500 0.000 1.900 180 5 1.000
# 21 3.157 -0.007 1.788 90 0 1.000
# 37 2.528 1.147 -4.927 90 0 1.000
# 38 0.083 -0.033 4.860 180 0 1.000
@ 5 5
@ 5 6
@ 5 7
@ 5 8
@ 5 9
@ 5 10
@ 5 11
@ 5 12
@ 6 5
@ 6 6
@ 6 7
@ 6 8
@ 6 9
@ 6 10
@ 6 11
@ 6 12
@ 7 5
@ 7 6
@ 7 7
@ 7 8
@ 7 9
@ 7 10
@ 7 11
@ 7 12
@ 8 5
@ 8 6
@ 8 7
@ 8 8
@ 8 9
@ 8 10
@ 8 11
@ 8 12
@ 9 5
@ 9 6
@ 9 7
@ 9 8
@ 9 9
@ 9 10
@ 9 11
@ 9 12
@ 9 13
@ 9 14
@ 10 9
@ 10 10
@ 10 11
@ 10 12
@ 10 13
@ 10 14
@ 11 5
@ 11 6
@ 11 7
@ 11 9
@ 11 10
@ 11 11
@ 11 12
@ 12 5
@ 12 6
@ 12 7
@ 12 9
@ 12 10
@ 12 11
@ 12 12
@ 13 5
@ 13 6
@ 13 7
@ 13 8
@ 13 9
@ 13 10
@ 13 11
@ 13 12
@ 14 5
@ 14 6
@ 14 7
@ 14 8
@ 14 9
@ 14 10
@ 14 11
@ 14 12