//2012.10.18 22:14
# -1 10 3 4 0
# 11 1.614 1.133 3.026 900 0 1.000
# 21 -3.817 -0.020 -2.220 0 1 1.000
# 21 -2.614 -0.033 -2.266 0 1 1.000
# 21 -1.519 -0.033 -2.272 0 1 1.000
# 21 -0.423 -0.040 -2.210 0 1 1.000
# 21 0.707 -0.007 -2.286 0 1 1.000
# 21 1.880 -0.026 -2.326 0 1 1.000
# 21 3.071 0.007 -2.177 0 1 1.000
# 21 4.219 0.007 -2.176 0 1 1.000
# 22 0.137 -0.007 1.116 180 1 1.000
# 28 -4.700 0.933 1.979 90 5 1.000
# 28 -4.755 0.926 -0.145 90 5 1.000
# 34 4.759 -0.007 0.751 0 0 1.000
# 37 1.876 1.200 -4.927 450 3 1.000
# 37 -1.109 1.233 -4.908 90 2 1.000
# 37 -4.183 1.253 -4.859 90 1 1.000
# 38 6.882 -0.053 1.905 270 0 1.000
@ 5 5
@ 5 6
@ 5 7
@ 5 8
@ 5 9
@ 5 10
@ 5 11
@ 5 12
@ 6 5
@ 6 6
@ 6 7
@ 6 8
@ 6 9
@ 6 10
@ 6 11
@ 6 12
@ 7 5
@ 7 6
@ 7 7
@ 7 8
@ 7 9
@ 7 10
@ 7 11
@ 7 12
@ 8 5
@ 8 6
@ 8 7
@ 8 8
@ 8 9
@ 8 10
@ 8 11
@ 8 12
@ 9 5
@ 9 6
@ 9 7
@ 9 8
@ 9 9
@ 9 10
@ 9 11
@ 9 12
@ 10 5
@ 10 6
@ 10 7
@ 10 8
@ 10 9
@ 10 10
@ 10 11
@ 10 12
@ 11 5
@ 11 6
@ 11 7
@ 11 8
@ 11 9
@ 11 10
@ 11 11
@ 11 12
@ 12 5
@ 12 6
@ 12 7
@ 12 8
@ 12 9
@ 12 10
@ 12 11
@ 12 12
@ 13 5
@ 13 6
@ 13 7
@ 13 8
@ 13 9
@ 13 10
@ 13 11
@ 13 12
@ 14 5
@ 14 6
@ 14 7
@ 14 8
@ 14 9
@ 14 10
@ 14 11
@ 14 12
@ 15 11
@ 15 12
@ 16 11
@ 16 12